1.999124054882322685e-02
3.806847842929319409e-02
3.988618436087899843e-02
7.690136418844495392e-02
8.771197296223803841e-02
8.350519229079667038e-02
9.555246692711601153e-02
1.398026770343291925e-01
1.483367710949717866e-01
1.332076696022434226e-01
1.394261195639013018e-01
1.814820912530805130e-01
2.307596021193717151e-01
2.591423740890451133e-01
3.227945328996710828e-01
3.850490862718048968e-01
4.095943416974587303e-01
3.953153471644018091e-01
2.972980333408214992e-01
2.397178337096915746e-01
2.617733883442665554e-01
3.047412317613311106e-01
3.205504455657895435e-01
3.889073961905070154e-01
5.312974135006227616e-01
6.232729240058065834e-01
5.714170666555054012e-01
5.719031836278739567e-01
7.299017093366416686e-01
8.060401298137220838e-01
7.004927105867824189e-01
6.541174371859613812e-01
7.941364978961946708e-01
9.710509678765989472e-01
1.086935846639990100e+00
9.907344428874359510e-01
7.692016100053317151e-01
7.249387606701714892e-01
9.296743763503220181e-01
1.030984342511028107e+00
8.181395564974012213e-01
6.925170030471345939e-01
7.870776947488479225e-01
7.365414350195337301e-01
6.627775207058780316e-01
8.323031698201914796e-01
1.031080010971976657e+00
9.969309317141631377e-01
8.232368966873535587e-01
5.777944614632852804e-01
4.629697175557137556e-01
5.192653300902514424e-01
8.344487836385376944e-01
1.045406362999026895e+00
1.002627115900976529e+00
8.998194425557987097e-01
9.652973367195850640e-01
1.016296992823372713e+00
1.035772656314256412e+00
8.770777059599956793e-01
9.073836331532458832e-01
1.030133204215557985e+00
1.027210812662763262e+00
9.834986575634511174e-01
1.062725204590642791e+00
1.074974210066682367e+00
1.047022005233832820e+00
1.064635723649691945e+00
9.427473478935034512e-01
8.388604273981197235e-01
8.592746835840395780e-01
1.007412778258762520e+00
1.041827668118088690e+00
1.054309844290389764e+00
8.955060580723033237e-01
6.300825632736509752e-01
6.391902584034815371e-01
9.128011874847715701e-01
1.021441401222375145e+00
1.092657829391458613e+00
1.122889127727859204e+00
1.068542238872690842e+00
8.257335519478026242e-01
8.201462830560692918e-01
9.750335213318246375e-01
1.087089486453466369e+00
1.184123954011573110e+00
1.172283626182833993e+00
1.088776300597117830e+00
9.915436733185539753e-01
1.064715661213241571e+00
1.155132158386543484e+00
1.232755821799883300e+00
1.210067012767255035e+00
1.208381262598527739e+00
1.185762150195969200e+00
1.185016927786062491e+00
1.160380102699477334e+00
1.189834459210442619e+00
1.127572996082759182e+00
1.177935981822831657e+00
1.228089114438989604e+00
1.218089546258889433e+00
1.210521314277923643e+00
1.180314675361922028e+00
1.225625384771250159e+00
1.220460899143397615e+00
1.221547228081085068e+00
1.215376612349901464e+00
1.211532942022466308e+00
1.227185393163808369e+00
1.112652665965993881e+00
1.003487049970477107e+00
1.136187043799712137e+00
1.220143989123301909e+00
1.239978957500502688e+00
1.139034146781630508e+00
9.467914161405972528e-01
9.188919054213697812e-01
1.087625234395646734e+00
1.191900378913368641e+00
1.169489841537926456e+00
1.173379038850564715e+00
1.174023920104876550e+00
1.126335457772273507e+00
9.087268204607527045e-01
7.699417795435083978e-01
8.902930164420032044e-01
1.016102188033750631e+00
9.529125933706341645e-01
8.997902767957642878e-01
9.822804072486798210e-01
1.175152695832592187e+00
1.214227054055529997e+00
1.057195856157744140e+00
9.539623050983271346e-01
9.300022646518489866e-01
1.003714813812731865e+00
1.177329153319172539e+00
1.296025742509735679e+00
1.290870055269788264e+00
1.183207134456294884e+00
1.076204550486496547e+00
9.878213242594335863e-01
9.929556870344634634e-01
1.080345251032546861e+00
1.196725933776497497e+00
1.267424926417500153e+00
1.308386414229827599e+00
1.311524758497289778e+00
1.285456591294235951e+00
1.277173580334936887e+00
1.241680899460967158e+00
1.125740452594867991e+00
1.065540556700753427e+00
1.199067422246563819e+00
1.297678179237469864e+00
1.278517085017578436e+00
1.326527777214325798e+00
1.300056520154926121e+00
1.297611889166781385e+00
1.302247372373301015e+00
1.309955586363558799e+00
1.291797105725597694e+00
1.315380012660886555e+00
1.219871255140064115e+00
1.038344518570123665e+00
1.041121182043627913e+00
1.224284293728978623e+00
1.306876943723528806e+00
1.323937779584940744e+00
1.313006593838155656e+00
1.293136676746103442e+00
1.290776325629122478e+00
1.288164203726330559e+00
1.334346577775588738e+00
1.335613918936585431e+00
1.337259506959532107e+00
1.336610060660053723e+00
1.313253707754988842e+00
1.301183342251023944e+00
1.231688869334035541e+00
1.062546108291188007e+00
1.023380015423419165e+00
1.165942026090845074e+00
1.277023346454180919e+00
1.324292744560830348e+00
1.312388319786712332e+00
1.305961251148366031e+00
1.324848956966163893e+00
1.325829060035481399e+00
1.321097919467914661e+00
1.289045401476670127e+00
1.304862659262852720e+00
1.310082178941050834e+00
1.270883313898512945e+00
1.143620112305997916e+00
1.049615195153707381e+00
1.177656481421838430e+00
1.255161332153422293e+00
1.273911493963340469e+00
1.297813982941300015e+00
1.322878712545093594e+00
1.369701127121976780e+00
1.326405702804994480e+00
1.320599239057221652e+00
1.309007868608363712e+00
1.309907608931248690e+00
1.303891326125770078e+00
1.199459715279996619e+00
9.503283793354919684e-01
9.737742213795187451e-01
1.182754733825540194e+00
1.262264715378854651e+00
1.273242671272704518e+00
1.270683539942329743e+00
1.290655941166517495e+00
1.266916282430080143e+00
1.277604640424889082e+00
1.242842170667374457e+00
1.248654638139249373e+00
1.276024292037884145e+00
1.278634084694216355e+00
1.315651017023236946e+00
1.307658385650771082e+00
1.326373305009773462e+00
1.300796992811836583e+00
1.316508732736701104e+00
1.259748960418084707e+00
1.078347907789556803e+00
9.740953268813616894e-01
1.046063112592559241e+00
1.224731288747230140e+00
1.250202012863175893e+00
1.263477854993519944e+00
1.261645046861892938e+00
1.270155049304932504e+00
1.253802623911314251e+00
1.256134362003854532e+00
1.121524165971353737e+00
7.278820875538261070e-01
5.671627988315874891e-01
7.056589296044557535e-01
8.127672556232088397e-01
1.016290641981792531e+00
1.191532348364116700e+00
1.243655972432082368e+00
1.244955250641191391e+00
1.230047102118550839e+00
1.067811935238431431e+00
9.787562253489014985e-01
1.005056902384094286e+00
1.132352761543040431e+00
1.051296480153644408e+00
1.007270411590964310e+00
1.078048460559929422e+00
1.219757368340017578e+00
1.270847217299701848e+00
1.258608356806306894e+00
1.287658058498274416e+00
1.268077321791332146e+00
1.123426608837075236e+00
1.041918424953762079e+00
9.636174912333297371e-01
9.668861178530687717e-01
9.074699861091868325e-01
9.680371111413397234e-01
9.909559568993262513e-01
1.076764317009403893e+00
1.176958569747776462e+00
1.271219453676301736e+00
1.278420993946314033e+00
1.232297888806225927e+00
1.010370405111087555e+00
7.852385993838353340e-01
7.412438283342467349e-01
8.671158966750908137e-01
1.038985102328850552e+00
1.206211403165557972e+00
1.248011785136545981e+00
1.255831758789913710e+00
1.210112432620888301e+00
1.157164977394221417e+00
1.008939667352179326e+00
1.062424772111401516e+00
1.184341327598617433e+00
1.265469168747979323e+00
1.307927115857663303e+00
1.274797509472834323e+00
1.284340435049460272e+00
1.251948251049926464e+00
1.049470216216047636e+00
9.986171788411246641e-01
1.111372382757553900e+00
1.257218951473668023e+00
1.301732752931367587e+00
1.331294738583809867e+00
1.276170792548125599e+00
1.251119599359902246e+00
1.201977089104360852e+00
1.210248085676904450e+00
1.165171797633536954e+00
1.054324495871966638e+00
1.069206508594465976e+00
1.269923729925182876e+00
1.318963781930289958e+00
1.335753892027405465e+00
1.316571540177575272e+00
1.205174474984209709e+00
8.453952508239712671e-01
5.926760517669256156e-01
8.255741291347368227e-01
1.166840293071560009e+00
1.295018418415177397e+00
1.317381639528036219e+00
1.339241798189074517e+00
1.284711422402873060e+00
1.298583174779773364e+00
1.325078247516336516e+00
1.307941118582687690e+00
1.278531143665106340e+00
1.264227415896202578e+00
1.222921271349037609e+00
1.117020184567163898e+00
9.923444064329460801e-01
9.803701595814129366e-01
1.095776368245844123e+00
1.180250726868887989e+00
1.180124284298500692e+00
1.206570430725968812e+00
1.167910294374844060e+00
1.163003637648809985e+00
1.149685545990370539e+00
1.193418639145360283e+00
1.221221544238441759e+00
1.225574459211602241e+00
1.241264180233401238e+00
1.238702677265134833e+00
1.220880283324552007e+00
1.250533867778050645e+00
1.285391164419703580e+00
1.150092136949401933e+00
9.845145920816689156e-01
9.943640974093539420e-01
1.157437797412263825e+00
1.234973978926031890e+00
1.228054721894875412e+00
1.182473397316152974e+00
1.001327680174355805e+00
8.249946457262309352e-01
9.321377142112990954e-01
1.148296152053420505e+00
1.185944944275910684e+00
1.205795098336714055e+00
1.192941860628910833e+00
1.236122000457414938e+00
1.240790021510434604e+00
1.203464146375153865e+00
1.211654791569814815e+00
1.242365797983497666e+00
1.243777149055132591e+00
1.237349459401575258e+00
1.222353311861514191e+00
1.090871863739251602e+00
8.463581631758368973e-01
7.904248545956097383e-01
9.986865014838862686e-01
1.040380726209386486e+00
9.255582591030783179e-01
9.113309481867742923e-01
9.581804657640987655e-01
1.126962822815066101e+00
1.184245777508045938e+00
1.085453070011579202e+00
9.859406054521897556e-01
9.556752962172649912e-01
9.148194743615999380e-01
1.018717474923302335e+00
1.131395045859464377e+00
1.178277504521639596e+00
1.130488296538036064e+00
1.144273019846741901e+00
1.068508849006222228e+00
9.992062612848402470e-01
9.043330851750118748e-01
8.890129070207196671e-01
9.908853165513356043e-01
1.185132309105833226e+00
1.199777593077920645e+00
1.074381469057833272e+00
7.854032298926432176e-01
6.438772371845370435e-01
8.731318036045265796e-01
1.086161298281627330e+00
1.115205954278166489e+00
1.021925913840796341e+00
9.662196951842167980e-01
1.047876403164198278e+00
1.168269110485472106e+00
1.225420010007051141e+00
1.264143703744672775e+00
1.225201714745912440e+00
1.254721953171954674e+00
1.238081187321391718e+00
1.235949180165231809e+00
1.238217550827606983e+00
1.232913657347651570e+00
1.159800803749065468e+00
9.450405676080196882e-01
8.613148426983584516e-01
1.026641407067361289e+00
1.183269743581127686e+00
1.243107919168648268e+00
1.225517562636682545e+00
1.229559652997888719e+00
1.207451874346216369e+00
1.199878415102462403e+00
1.216562829657762634e+00
1.194847599381538839e+00
1.181038685705615210e+00
1.217648831723661784e+00
1.168445122688893667e+00
1.180097728882418151e+00
1.181328744250428331e+00
1.160241273119937189e+00
1.102363540683557463e+00
9.504952645778855791e-01
8.572809877353583241e-01
9.597879143828049742e-01
1.098788895846956493e+00
1.155916862000752277e+00
1.141012161244780554e+00
1.177774392968710782e+00
1.191576121054866988e+00
1.214636855020431172e+00
1.220953082735346973e+00
1.224467320796660319e+00
1.220016727421262770e+00
1.198323372659749309e+00
1.183635415245330336e+00
1.158108677835431699e+00
1.083028702805806986e+00
9.288735823503648792e-01
9.424474480731973580e-01
1.030349124681138928e+00
1.072676369591679002e+00
1.073173072929687555e+00
1.050814602875753900e+00
1.090816369621078197e+00
1.093186815774430221e+00
1.095079443103046390e+00
1.080417425697745237e+00
1.058049071342266334e+00
1.056095219514497918e+00
1.065934057847762739e+00
1.077063777340387496e+00
1.039340926196539616e+00
8.725131519788161816e-01
8.232247834063929348e-01
9.628771475353447018e-01
1.109344740713585686e+00
1.150311678320572906e+00
1.173446822263211509e+00
1.177690619408439998e+00
1.179735539592716709e+00
1.186622979618290774e+00
1.176829603259903045e+00
1.167163356676495400e+00
1.172948335479162774e+00
1.202553209965810277e+00
1.214165207159498161e+00
1.208976629387863433e+00
1.229872714865174022e+00
1.220700465332781537e+00
1.208806786331966698e+00
1.213401259975702917e+00
1.218951236244531389e+00
1.165643682825831640e+00
1.041956213086091321e+00
9.675540530394711736e-01
1.059667340473149588e+00
1.166994455742345282e+00
1.216667134186427468e+00
1.224057804998854859e+00
1.212858328984379286e+00
1.241094345388280562e+00
1.231045361895974910e+00
1.217729303390659990e+00
1.222153788431156851e+00
1.218734606808469900e+00
1.150805105591190536e+00
9.113448773191182850e-01
8.348401838231240824e-01
1.005782666003238290e+00
1.136050921780569656e+00
1.211449127070149290e+00
1.200674967151337036e+00
1.218309620631587320e+00
1.217923619212938569e+00
1.214915255404128258e+00
1.180611608772293986e+00
1.159722363600384609e+00
1.051052154989266185e+00
9.681800697114949505e-01
9.919296029042558027e-01
1.019542836321710277e+00
9.860924265731588756e-01
1.081115064289448924e+00
1.175253422052767505e+00
1.186745362954614524e+00
1.195944127440673244e+00
1.189064598193309230e+00
1.018198396394689453e+00
8.875394969410566048e-01
9.231946589647614942e-01
1.065064923756721127e+00
9.608817818276489398e-01
7.486233230685263029e-01
6.751916078579682789e-01
9.072546359239979097e-01
1.095401419692829670e+00
1.173695994032679879e+00
1.166480727548727225e+00
1.174540927841601023e+00
1.108170552493178418e+00
9.576343667127467096e-01
8.646008808669128909e-01
9.045446962603064245e-01
8.063291974163536713e-01
7.191192096585814486e-01
8.180007496520808052e-01
8.962834673508734973e-01
8.614670221524424187e-01
1.022905482650012576e+00
1.086608257875890216e+00
1.106433395132734754e+00
1.084598571120349408e+00
1.032134498273210799e+00
1.028686535606238461e+00
1.004198720419237523e+00
8.782800787753385352e-01
7.840723181195953240e-01
8.395054127421420764e-01
9.494937259312160593e-01
9.330179815283932143e-01
9.252329618050946225e-01
8.679370469762039964e-01
8.559979740899646972e-01
7.896382274726934103e-01
7.378003493542407698e-01
7.687257287983610965e-01
8.844969526200697763e-01
9.347444321660336453e-01
9.723473136203766298e-01
9.408091850658675259e-01
9.665052946513855714e-01
9.347941218333856161e-01
8.118380122271114940e-01
6.795949483441297012e-01
6.430921066785273421e-01
6.832180756672017186e-01
8.418695853002524654e-01
9.368038444717342594e-01
9.808357095267021819e-01
9.992921365058864414e-01
1.006771451771208525e+00
1.018272716168027836e+00
1.018563697774780286e+00
8.931400981872470446e-01
6.168832684117756537e-01
5.800214879369355314e-01
8.084048029657696643e-01
9.876636055730768637e-01
1.043565074327087894e+00
1.053391748894800584e+00
1.051514017610878149e+00
9.979009250940999998e-01
8.837250653848607307e-01
8.079918629305773425e-01
9.095244893123575203e-01
9.892367989065672385e-01
1.005692273426440631e+00
1.000000000000000000e+00
1.027917362548742330e+00
1.065192897851010789e+00
1.051502861372521913e+00
1.059028282217089112e+00
1.042083902770944981e+00
1.034587011700825787e+00
1.012843490882347153e+00
1.007757143082969487e+00
1.018930569271048858e+00
9.919117076617706141e-01
9.377932507929874761e-01
8.473437040785679608e-01
8.762520495816307209e-01
9.814432443490124225e-01
1.021944625546187257e+00
1.026687703295996679e+00
1.006876204341225822e+00
9.898184310797065733e-01
1.007870059189959866e+00
1.022003746018174120e+00
9.867080529460159344e-01
8.459990904849717941e-01
7.602141424489267107e-01
8.326429850574852409e-01
9.767315817721816673e-01
1.023017371462820124e+00
1.017433585154702502e+00
1.028953640368298394e+00
9.992348228578689096e-01
8.326430388257189952e-01
7.310759562735341666e-01
8.212458938544091591e-01
9.719139480282705801e-01
9.982627548129554551e-01
9.895037269177600070e-01
9.808747716780501502e-01
9.885601649196993357e-01
9.824852129291955505e-01
9.733179441479246075e-01
9.768671960950854327e-01
9.768905976901937072e-01
9.535325543437037643e-01
9.201646693384077924e-01
8.690097280843263050e-01
8.185480189578190346e-01
8.070491640238723896e-01
8.300517878388359305e-01
8.532382077886527805e-01
8.551219929606144188e-01
8.677328457618989077e-01
8.615732748261298868e-01
9.199494153012734987e-01
9.533594619284584404e-01
9.271958333843128841e-01
8.291839629763056996e-01
7.365242607772590766e-01
5.948996958976235927e-01
6.314850884260595487e-01
8.096285141976634625e-01
8.140444290311923403e-01
7.391565515470763792e-01
7.224391811503504401e-01
7.164495136849500234e-01
7.627195445444761024e-01
8.633262043353502335e-01
8.470271860751527049e-01
8.274562374642810969e-01
7.637756096753141044e-01
7.547584683226428170e-01
6.798386651885420795e-01
5.857708176352495189e-01
6.724057445550791767e-01
8.381805971024476332e-01
8.830135970051896654e-01
8.800524495409429715e-01
8.474900856083243950e-01
7.308228873304942752e-01
5.837062249957550852e-01
6.069763373571173126e-01
6.780118415021707534e-01
6.725783627350715443e-01
7.176432565011087172e-01
8.153323982900730904e-01
8.409136133172534500e-01
8.127777196483428890e-01
8.180704055857709323e-01
8.310847278752052647e-01
8.111781803241868705e-01
8.132318983697900405e-01
7.671065517560651248e-01
7.460224158808981265e-01
7.110568243126188515e-01
6.307770110183160694e-01
5.588747642128529813e-01
6.162956142495733536e-01
6.727359890467655701e-01
6.937223583071862043e-01
7.079765344371417024e-01
7.269963096710448935e-01
7.214218951824618031e-01
7.317161221051293740e-01
7.241221844927897555e-01
7.412661589004173601e-01
7.457429870533666127e-01
7.170857488264277269e-01
5.839685676988450869e-01
5.794712019247298951e-01
6.324955096901961893e-01
5.979591320030434032e-01
6.009790075823030486e-01
7.067102549863448768e-01
7.400202342688179113e-01
7.287379181197559674e-01
6.743364335195183301e-01
6.952422820513859403e-01
7.265601756123588606e-01
7.619593552324761543e-01
7.597795466763490602e-01
7.601824895506119617e-01
7.466035223568892043e-01
7.648288450126088378e-01
7.398214468140975608e-01
7.308475286056655973e-01
7.252344769111559453e-01
7.302221168559052122e-01
6.979030906060721406e-01
5.916268235093214978e-01
5.302967725917236974e-01
6.049881947248244574e-01
6.710206539328182895e-01
6.538945378540668152e-01
6.475053692655095006e-01
6.858279232733446307e-01
6.980230707110790522e-01
6.670221422632576225e-01
6.890256131433650788e-01
6.860450829851358900e-01
6.656327622243795039e-01
6.465295252840342899e-01
6.535836153559838602e-01
6.486676070372294767e-01
6.409354234848703147e-01
6.235747237331233928e-01
5.461208316311206845e-01
4.960375017654097274e-01
5.431201340420560575e-01
5.945174037556681945e-01
5.827120508095081641e-01
5.810540854941118605e-01
5.697164472755584796e-01
5.311984782561899321e-01
5.389632043544526629e-01
5.361501911085326810e-01
5.259403630617479619e-01
5.142618684170636723e-01
5.147686785195902948e-01
4.948878206228138898e-01
4.802256053101999211e-01
4.704343822552444765e-01
4.381326770573748530e-01
4.519586768144066014e-01
4.191766775977999737e-01
4.237834364910711415e-01
4.019038117154999368e-01
3.919484735351163041e-01
3.777952668219880517e-01
3.587095015972148748e-01
3.298082964620672741e-01
3.193992934160848618e-01
3.084170244141501982e-01
2.837394123809677815e-01
2.772875668164399010e-01
2.499822957291506220e-01
2.637815102666779543e-01
2.328098069888800414e-01
2.126399777477876729e-01
2.105947252753721799e-01
1.822238009073356424e-01
1.776569509303010386e-01
1.678146117647429658e-01
1.566646600640276554e-01
1.511209494151120603e-01
1.217192908916289451e-01
1.086748758326230579e-01
9.746595287902545812e-02
8.560080248013504645e-02
8.313794163463553155e-02
7.397202103122724193e-02
6.114890371337201175e-02
5.907647309010966019e-02
5.917597955726059539e-02
4.039796444631585381e-02
5.881221001996684433e-02
4.016800667356126842e-02
4.326279659892678930e-02
1.935121953275676862e-02
3.471837922433698709e-02
3.013797676340143269e-02
2.980088225068664581e-02
1.744060904803720197e-02
3.035205897940833689e-02
1.756003937528858097e-02
2.058774387067832667e-02
1.234364302696505308e-02
2.341923828646646707e-02
1.443949949947151250e-02
1.593255588527303646e-02
2.443079646361523416e-02
1.176915393856075957e-02
1.325405428459980372e-03
1.740315887684246166e-02
1.531798113781116487e-02
1.890813230689467744e-02
3.575710187384904207e-03
2.550138369382099618e-02
1.720668688086115497e-03
1.432874851586860183e-02
1.369622087818365801e-02
1.542550049693986770e-02
1.292158162193371082e-02
8.564744658635499441e-03
1.617038146490836284e-02
2.443079646361523416e-02
7.612224250957424013e-03
1.344381864959482906e-02
6.232037448212459502e-03
1.380633149987240717e-02
1.270239975552223816e-02
1.669649840630471269e-02
1.153985724706857625e-02
1.524500108847552660e-02
4.521618680236718334e-03
6.436106804680878819e-03
7.368883057638753696e-03
9.569254739886423958e-03
8.413405259077629678e-03
1.341824737652429558e-02
8.713252667026159456e-03
6.485052363983122986e-03
6.015539584119917668e-03
