3.141614211889630359e-02
4.549067407321963352e-02
5.988020214176795197e-02
8.398150760338654597e-02
1.075030190628933346e-01
1.375701079187037212e-01
1.562896079511357783e-01
1.560363247089265326e-01
1.686658449363687695e-01
1.855956614875698407e-01
2.034461013436094645e-01
2.198867768647192467e-01
2.445787609431961940e-01
2.656420307594424823e-01
3.076757352197252993e-01
3.466894821876588262e-01
3.920490792961865978e-01
4.511231946743443633e-01
4.927964083796182448e-01
4.585752886033533926e-01
4.659512822972776691e-01
4.799685829826825789e-01
4.975811922751013916e-01
4.384489112629383345e-01
5.105995549759565488e-01
5.602108341991549612e-01
6.095985419949073725e-01
5.960045588855831245e-01
6.464903685259545396e-01
7.088048899610933651e-01
7.562177842716466536e-01
7.896987523636080919e-01
8.507301246982144072e-01
8.956684538507114768e-01
1.030270134097097667e+00
1.076444070101777672e+00
1.083417870852346532e+00
1.044920049053100097e+00
9.347122357595534226e-01
9.684927602421975479e-01
9.517765296175586531e-01
9.257695702889119360e-01
9.315640962953606330e-01
8.931790903734205811e-01
8.893027393350529941e-01
9.149395524295433901e-01
9.495948549839623443e-01
1.000809037747013575e+00
9.998132751147925656e-01
1.004137364287871037e+00
9.487417114995552181e-01
9.051200774591481313e-01
8.851783444875807039e-01
9.257597218843927056e-01
9.947070986784516400e-01
9.566225398441318140e-01
9.438570933951975217e-01
9.740463559414231920e-01
9.993289518287696849e-01
1.086832209003875116e+00
1.107560115370737286e+00
1.119660355055016598e+00
1.120073219205253601e+00
1.085167568621313805e+00
1.040274460523483047e+00
1.034676700196360377e+00
1.049605547555223950e+00
1.059372889356434477e+00
1.061398024533338091e+00
1.039426086856543474e+00
1.004721035733147971e+00
9.736170185120338605e-01
9.993265584822962344e-01
1.014783746262623243e+00
1.011657583285924922e+00
1.042074220770378368e+00
1.059866497439895472e+00
1.114002318666084790e+00
1.112650429065122015e+00
1.092226494068309517e+00
1.127409165161403548e+00
1.118183242395034860e+00
1.162101277441931035e+00
1.155672530626862038e+00
1.126776005828701521e+00
1.093891258420533141e+00
1.112485658064175098e+00
1.096636690543971060e+00
1.137343546212097767e+00
1.129433807214040186e+00
1.153207538120083697e+00
1.174254612225255290e+00
1.178807409270920870e+00
1.183450040988360819e+00
1.173173389877960826e+00
1.164217279793539506e+00
1.149228253333249627e+00
1.140082419141748016e+00
1.136163233308214338e+00
1.135866975065980000e+00
1.139553468649306733e+00
1.144750521536244570e+00
1.139648350353414719e+00
1.165823218180781939e+00
1.163722008603670144e+00
1.183140560650218109e+00
1.184913611600945993e+00
1.170680330554130233e+00
1.184113783418647259e+00
1.182419466095800953e+00
1.202823766619728563e+00
1.201826807607723868e+00
1.201463275891880844e+00
1.214088991753506708e+00
1.218784303669165681e+00
1.201442124046057547e+00
1.197347166714654909e+00
1.198714039920707464e+00
1.190724054566062673e+00
1.172190550140180143e+00
1.173708002181842680e+00
1.150539087082275813e+00
1.143803706266394382e+00
1.121828691495672548e+00
1.114758377324239103e+00
1.121163097570083256e+00
1.146468027963539082e+00
1.172561807316764515e+00
1.172525241676768637e+00
1.207745054890953851e+00
1.211447478421323609e+00
1.214237536499880976e+00
1.221116157364948052e+00
1.183567850934503118e+00
1.191047516553313201e+00
1.194538056908563517e+00
1.181163465140852686e+00
1.166313395497840411e+00
1.118050787260103318e+00
1.123419070875535386e+00
1.138142790745732658e+00
1.155221918957618943e+00
1.121159558583737281e+00
1.122431752693362705e+00
1.145732540883104722e+00
1.139884888810355879e+00
1.144054454162926948e+00
1.140237245078414841e+00
1.129665080577644254e+00
1.126645466342988344e+00
1.136329235651245106e+00
1.113961129465969702e+00
1.117923948824419256e+00
1.113743759661667942e+00
1.117582310167754445e+00
1.135261691578500320e+00
1.134886948994269451e+00
1.123416542648666194e+00
1.136907412214772428e+00
1.129318818892053322e+00
1.118865712342983709e+00
1.130037182083894809e+00
1.134920079552290684e+00
1.123071784652882155e+00
1.120451892946124683e+00
1.136051146695655989e+00
1.130859343477582657e+00
1.131504072854731202e+00
1.140063170897919864e+00
1.128505176250655051e+00
1.140156732230461767e+00
1.136765364770643494e+00
1.120950887317105682e+00
1.141418671948637664e+00
1.136816466140062598e+00
1.135340623303729757e+00
1.142461888623111488e+00
1.132329788953463368e+00
1.150025057981396426e+00
1.139780072125245791e+00
1.147189716687022631e+00
1.157426441216154789e+00
1.157065669947267672e+00
1.161439838312080752e+00
1.167497387350868499e+00
1.157571442880437118e+00
1.148536546321665686e+00
1.150536516052990788e+00
1.155657970128709078e+00
1.144131953923009926e+00
1.138816637356513395e+00
1.134655450923255149e+00
1.133559726153584357e+00
1.132191627649174803e+00
1.136635540279070877e+00
1.146369925433329939e+00
1.155295243977484843e+00
1.149889106919040227e+00
1.159938341589367816e+00
1.157320270826021291e+00
1.157534760244730565e+00
1.160845263584704856e+00
1.172769142626981953e+00
1.158351863830890061e+00
1.152510175775478984e+00
1.166010003566902320e+00
1.157380464207627080e+00
1.158770635676076299e+00
1.165915019229731397e+00
1.156228248812287251e+00
1.158945068037077197e+00
1.169368713774154411e+00
1.170311715524824381e+00
1.175288083810009709e+00
1.166770730071327034e+00
1.160693073955662236e+00
1.148311245264661995e+00
1.148246260180935785e+00
1.159990985927871421e+00
1.138459194515468287e+00
1.148964146222517524e+00
1.160242010670295532e+00
1.159951644024000306e+00
1.154392925799689440e+00
1.169975808799606831e+00
1.173078469548877401e+00
1.171173943936582695e+00
1.154744080572210674e+00
1.165160974425154983e+00
1.162860194360936461e+00
1.182795492852577457e+00
1.157460432996448629e+00
1.156896644460431167e+00
1.173616421157793299e+00
1.165666448512756137e+00
1.158746062263160681e+00
1.157841955153126490e+00
1.162737778338699401e+00
1.165441635051377212e+00
1.152512437762839514e+00
1.160550656452349116e+00
1.153510398386143443e+00
1.164274658319606193e+00
1.162178591251703308e+00
1.151849412482506496e+00
1.155250652318890126e+00
1.159170125552546837e+00
1.159141746948987972e+00
1.146844927182066654e+00
1.159166469857811688e+00
1.162209015200744489e+00
1.150262736386427065e+00
1.165346461370109887e+00
1.170166784770773738e+00
1.153944304912450036e+00
1.165233481690445050e+00
1.162031299301213405e+00
1.167223948054647575e+00
1.175686059683519913e+00
1.179484060356935649e+00
1.172892934898923434e+00
1.169508950080534682e+00
1.163002325463661446e+00
1.170773415129920947e+00
1.173470825757888525e+00
1.171141783087850996e+00
1.173651262537290574e+00
1.176728077627036573e+00
1.170683947632171096e+00
1.160637371227016379e+00
1.168524391717677968e+00
1.185013524842223998e+00
1.165938100119535692e+00
1.175392185987226501e+00
1.174500389507658227e+00
1.169373200804315172e+00
1.173258105315025723e+00
1.163022901399561437e+00
1.149653170961997706e+00
1.148895074750784895e+00
1.135956374317700579e+00
1.145094155041982198e+00
1.140762869565761450e+00
1.135644788522951476e+00
1.145515367095389703e+00
1.131447491942567662e+00
1.139395168307046902e+00
1.144105274571964870e+00
1.142280058443845059e+00
1.136486764780036962e+00
1.141718666090621337e+00
1.157487731821982724e+00
1.168006080776045952e+00
1.149313346861131624e+00
1.181914345538612299e+00
1.156129926306304068e+00
1.161691074436749904e+00
1.151836277506941730e+00
1.139509763123751851e+00
1.147794473200196563e+00
1.146321992179011318e+00
1.145828842244562829e+00
1.169208299993327982e+00
1.155100122295233511e+00
1.146603856061706228e+00
1.153840523883836067e+00
1.138115994136932763e+00
1.118869687852391159e+00
1.113557713821973216e+00
1.130541535890229543e+00
1.139790506976151585e+00
1.137748378682113426e+00
1.153982275206429708e+00
1.155114437128394789e+00
1.162631228183934384e+00
1.136643322811348167e+00
1.124546815948538558e+00
1.121189155509402680e+00
1.093612945046727791e+00
1.054849310933431150e+00
1.076999277260923149e+00
1.077851240382951881e+00
1.039335471821501766e+00
1.015296629103731973e+00
9.983108609704032244e-01
9.963528219379451656e-01
9.576441207895550756e-01
9.828942268041267472e-01
9.463344681772056788e-01
9.609756836696643489e-01
9.446439882729267268e-01
9.691110073255538859e-01
9.388219920076303904e-01
9.594606646884538126e-01
9.485427371583482481e-01
9.585250447053820233e-01
9.552962697319639096e-01
9.782133497209914985e-01
9.785011774811015473e-01
9.971710507954604230e-01
1.017733562938238911e+00
1.019233674274107493e+00
1.033423345637253465e+00
1.040973303956617801e+00
1.035333887349317195e+00
1.026919970712060870e+00
1.019807621760065341e+00
1.016413506259757238e+00
1.009927236659910577e+00
1.010636014424472151e+00
1.001991418486944063e+00
1.009503237970528655e+00
1.012441420805754166e+00
1.018196959023892401e+00
1.013081149721724916e+00
1.029507923788065327e+00
1.019321924893675124e+00
1.026716948280315345e+00
1.026630224086941379e+00
1.033752108701869510e+00
1.029980221862401013e+00
1.046425442970655206e+00
1.034317387859741366e+00
1.037601453788626227e+00
1.039830983252368224e+00
1.063059281607675377e+00
1.069729542712230419e+00
1.069432166734075373e+00
1.068141492331566633e+00
1.066205169440920475e+00
1.069884407191910469e+00
1.074507296395741829e+00
1.047767706254123299e+00
1.043091745362531686e+00
1.038476790619516255e+00
1.058308772433098399e+00
1.037796335087248778e+00
1.034347503263966850e+00
1.025470681084987845e+00
1.023344508768647687e+00
1.021701035060369911e+00
1.013767952362581770e+00
1.007805280317577656e+00
1.000804715481939722e+00
1.002488536892020887e+00
1.003500312157780350e+00
1.010180951269187055e+00
1.018518091733878084e+00
1.011922052977912045e+00
1.033462222998122293e+00
1.041444314756779566e+00
1.048919179651250033e+00
1.054625591207173141e+00
1.058562796063114320e+00
1.065646154660812472e+00
1.075185382024740344e+00
1.066699020766850303e+00
1.089327371470827366e+00
1.089266789672805213e+00
1.083986819307944494e+00
1.081210320304097916e+00
1.090791891813972070e+00
1.100489091242564665e+00
1.097591424182437603e+00
1.099102238580842883e+00
1.091392520683102774e+00
1.092790226939627907e+00
1.101152476708043615e+00
1.099128532077326970e+00
1.112180522739446342e+00
1.111694146200976618e+00
1.108511980078352277e+00
1.095289789531913582e+00
1.105353195721158421e+00
1.092100361083124582e+00
1.101095946114694302e+00
1.086675124039307549e+00
1.090771547269758557e+00
1.072454713792202252e+00
1.069212747911889583e+00
1.054535611164910236e+00
1.050271780413159384e+00
1.039815116586523924e+00
1.033186906110497016e+00
1.021597761877460098e+00
1.022841063544792650e+00
1.013510124904578369e+00
1.034885372910122170e+00
1.026579126584300283e+00
1.033288738445014232e+00
1.017456063433714641e+00
1.028370281532182684e+00
1.026791960266166148e+00
1.037903761380305712e+00
1.039968961798218849e+00
1.048722647528579355e+00
1.062447195510128672e+00
1.067575144189901959e+00
1.045036031407164501e+00
1.048665472406176580e+00
1.041065782291135111e+00
1.024736240101739249e+00
1.029596925012739916e+00
1.010489708246474549e+00
1.000781921336820535e+00
9.845865088179628355e-01
9.804508938655562833e-01
9.762567884262491891e-01
9.653909269754776812e-01
9.525871515706849646e-01
9.466465353059878574e-01
9.568953268886406516e-01
9.485191648673140241e-01
9.140047838322521434e-01
9.184839799061621513e-01
9.148582679559520425e-01
8.885218691928641332e-01
9.170691842427993734e-01
9.273290212135443245e-01
9.307022314284953968e-01
9.252988554304051316e-01
9.134013556079414453e-01
9.159752236171962991e-01
9.223261469659433942e-01
9.337385907893581694e-01
9.466787327327943480e-01
9.427711629354564860e-01
9.421333461514844743e-01
9.480449362871883334e-01
9.495917481425697471e-01
9.671893181259456629e-01
9.663985184426537867e-01
9.666982691396197591e-01
9.758611751282897373e-01
9.673440771264782967e-01
9.828097478697418454e-01
9.812962447371194052e-01
9.881439136233572951e-01
9.892627818975447962e-01
9.954930367606036334e-01
9.991811821178864239e-01
9.996799017057755865e-01
9.958839341558360925e-01
1.004748069365265728e+00
1.007394304946151786e+00
9.962127875662868393e-01
9.964860733505075396e-01
1.003369729176353253e+00
1.008065851736987373e+00
9.953492550389095861e-01
1.012763995162355712e+00
1.009283088097134851e+00
1.015457517352546635e+00
1.011008633150200176e+00
1.036013453736315260e+00
1.024337722532911998e+00
1.021062634275136105e+00
1.026058049610120149e+00
1.014267971643673327e+00
1.004098019556994181e+00
1.022283173921923805e+00
1.020529496602564867e+00
1.028641146006848750e+00
1.025783175116312673e+00
1.009718351218698240e+00
1.016641629142090775e+00
1.026340417080412681e+00
1.021297710375936862e+00
1.017448784285729380e+00
1.017556757857645655e+00
1.025881400508713348e+00
1.016641573597428794e+00
1.020502149133146075e+00
1.024579971074875306e+00
1.007091867169704225e+00
1.014029993160238785e+00
1.014399067964860901e+00
1.017356002590238617e+00
1.018375282684712779e+00
1.022332516674052005e+00
1.015750994560149056e+00
1.017633221856020453e+00
1.023277346215905492e+00
1.010689212175594598e+00
1.001408702987141019e+00
1.006898042850476571e+00
1.012702472453184566e+00
1.011988840805685630e+00
1.009538444329438178e+00
1.012029910681625511e+00
1.008619850386529793e+00
1.004680795392571380e+00
9.956929798725631109e-01
9.900501148339019286e-01
9.896088781142773350e-01
9.873499074854754642e-01
9.661446934738349146e-01
9.678774989561409470e-01
9.663467513648587026e-01
9.494082414691326077e-01
9.435118058496415605e-01
9.588389482240498030e-01
9.328798654545438218e-01
9.353217106729281305e-01
9.287103722464675748e-01
9.196229130251930561e-01
9.010290810847700893e-01
8.812673937971923221e-01
8.612790896628991222e-01
8.515992366487734611e-01
8.490594321475002371e-01
8.542700897869730525e-01
8.482156725314118351e-01
8.622090079733777390e-01
8.614167897394955364e-01
8.741753661131768105e-01
8.753696669957137244e-01
8.915031921603582266e-01
9.027391366901643677e-01
9.331598841004743461e-01
9.441723941201348724e-01
9.313722180906450765e-01
9.458926875949719149e-01
9.347216015279229406e-01
9.279824928871199807e-01
9.335268700059946578e-01
9.302196759009975224e-01
9.389937642507064641e-01
9.551269991555766392e-01
9.613768992859168527e-01
9.485199381897895243e-01
9.629911350486186628e-01
8.749160672953821827e-01
8.764451508446839956e-01
8.602763077053137142e-01
8.706850275571509368e-01
8.663183179616784635e-01
8.907739516847748007e-01
8.934522300833573905e-01
8.939623650656034481e-01
8.875482318500655943e-01
8.881263115727002777e-01
8.707618262415903754e-01
8.753148748570593884e-01
8.785242541115203530e-01
8.865448809196583291e-01
8.831805310908305007e-01
8.982273597186876124e-01
8.893794558806469297e-01
8.972857951422366085e-01
9.003441386238100197e-01
8.916391993818151285e-01
8.850500053856673599e-01
8.818963699459367866e-01
8.903259103941095765e-01
9.028290492537114353e-01
9.045435850534666589e-01
9.019049817406283864e-01
9.054328077941905528e-01
9.040436772402882237e-01
8.959095514788785186e-01
8.933707111232183085e-01
8.909134174146404739e-01
9.024144268472298336e-01
9.024740378994700052e-01
9.063478893834002736e-01
9.099469975856857573e-01
9.109971438090389562e-01
9.145104411156954605e-01
9.153208959919809651e-01
9.091327562321273037e-01
9.110063247605126868e-01
9.126930139604831904e-01
9.031323620617752734e-01
9.167814647387253491e-01
9.143095644701730862e-01
9.106452190852100115e-01
9.044047335919037645e-01
9.095719669297264165e-01
9.087885468079930362e-01
8.999978772268866223e-01
8.931410316180383724e-01
9.028481796774674439e-01
9.058255438245279567e-01
9.069330837906426357e-01
8.872706387889925939e-01
8.941075848600213982e-01
9.012087879794615786e-01
8.876626656826975825e-01
8.521632319900540598e-01
8.153032429271676040e-01
8.228983255417685605e-01
8.163259475078015193e-01
8.273589785951594999e-01
8.370046494566343309e-01
8.737911463376106802e-01
8.647727746382153358e-01
8.609318188801187155e-01
8.794108380626826094e-01
8.881747725773192492e-01
8.996685923681475572e-01
9.024589517011876172e-01
8.805344210226044854e-01
8.961551229931608020e-01
9.070154642973305981e-01
9.078828328144876725e-01
8.900424416005913164e-01
8.804119552293006024e-01
8.769318091933977488e-01
8.837220375375631765e-01
8.785092719263245531e-01
8.853347242014997232e-01
8.808939600507909029e-01
8.791856133531248396e-01
8.755369568748698761e-01
8.685910163361412195e-01
8.753017727972978168e-01
8.697451249765917325e-01
8.519813832833296185e-01
8.457726910081198035e-01
8.463026619230512582e-01
8.487081084476693071e-01
8.604076735836589940e-01
8.441264285170377857e-01
8.432518165552944645e-01
8.442566614914784884e-01
8.342997792804074386e-01
8.239956190106123568e-01
8.037693909979277684e-01
7.900136986450463361e-01
7.833368914188458820e-01
7.732740024298985215e-01
7.717437420034398698e-01
7.510975407091874390e-01
7.514422225616346207e-01
7.344166562520065833e-01
7.202252810430818109e-01
7.056242624247077710e-01
6.958630828595415707e-01
6.864360923093402178e-01
6.842650858304293315e-01
6.657847185661568412e-01
6.522517295483287736e-01
6.474883400866244809e-01
6.524985070023753275e-01
6.746787892965172562e-01
6.759539550611082248e-01
6.857273828216617906e-01
6.887669542765504360e-01
7.061835669048411868e-01
7.100905344293344523e-01
7.142755387485597574e-01
7.045227809750398418e-01
7.194774311190537119e-01
7.322738273958380173e-01
7.266045799258763482e-01
7.307905463479327235e-01
7.258313954145945157e-01
7.306795473129925611e-01
7.381229455294135988e-01
7.213267821111576383e-01
7.263170566487361368e-01
7.153165936134722180e-01
7.101857759178045182e-01
7.120989014095064906e-01
6.943320044935947788e-01
7.044413448403066269e-01
7.098692971851642275e-01
7.125483689486364902e-01
7.092860819537876171e-01
6.987458486829604132e-01
6.941395446273130876e-01
6.965611093115353647e-01
6.849220758240430751e-01
6.591930619622989873e-01
6.563947498929564306e-01
6.528864335523041351e-01
6.495209586910239974e-01
6.493914084998646530e-01
6.391801945636599314e-01
6.373506889763125294e-01
6.319821996831236355e-01
6.251730318659016739e-01
6.224404971107977413e-01
5.933731925335594681e-01
5.939429373289806247e-01
5.898747414854041971e-01
5.846806199337659660e-01
5.801886256724864133e-01
5.736505502486257679e-01
5.719415775477596497e-01
5.570200244898759756e-01
5.468182905496803414e-01
5.320915033746249634e-01
5.259662150630982635e-01
5.029799122810352241e-01
4.924105558060605237e-01
4.897693838329011951e-01
4.849570757185697190e-01
4.715454438734421605e-01
4.668092368167984230e-01
4.474832659658634637e-01
4.445736087708738182e-01
4.329129666432867118e-01
4.285420694970665245e-01
4.107676509354259986e-01
4.024250406534932156e-01
3.924751036600860887e-01
3.839731994151365235e-01
3.691712466741905452e-01
3.597631891299823970e-01
3.405276045112228256e-01
3.291721427126802491e-01
3.160613624985796344e-01
3.004504317910160482e-01
2.903431633223311770e-01
2.735603408108967516e-01
2.629810727050304608e-01
2.492573929826796264e-01
2.389649483162793742e-01
2.232321237010030934e-01
2.088192565785976784e-01
1.982798310665504771e-01
1.797129516336755939e-01
1.701274632034435186e-01
1.584937252021660914e-01
1.472309540746995216e-01
1.288766777724109636e-01
1.225035482926294800e-01
1.152581104599414569e-01
9.951418031572198397e-02
9.183198485987179027e-02
8.082832319846988689e-02
6.967613574795591957e-02
6.474677747412284357e-02
5.499431799304655560e-02
5.113510262292841890e-02
4.481979992206254482e-02
4.338626613920426589e-02
3.749891966312397101e-02
3.036240247191718949e-02
3.166579420694771996e-02
2.246819722313353473e-02
2.513013336979239704e-02
1.912941296696482260e-02
2.217827972939762082e-02
1.678699183157167374e-02
1.871081237875401454e-02
1.757789523147636201e-02
2.106274071513396240e-02
1.307833798399839556e-02
1.102373174370066891e-02
1.113062099407837076e-02
9.166848948510854939e-03
1.016786800871555783e-02
1.107114415001251781e-02
1.171439847467703119e-02
1.125050550908333197e-02
6.513290681125728440e-03
8.887073154106247402e-03
4.088362659027402861e-03
8.000083546998984149e-03
4.530454395217461787e-03
1.241959578364825595e-02
6.046542989413262494e-03
6.530564064443465308e-03
6.229526914523588789e-03
7.840210099025034934e-03
8.096963250426934822e-03
9.859085357103818809e-03
6.258559036594602693e-03
7.351749937492323660e-03
7.801934352817299634e-03
9.831179819230213834e-03
6.626319213320469234e-03
8.430511732467272507e-03
4.119447689428266252e-03
7.415896820642232934e-03
3.380533558949973781e-03
7.254936881336110019e-03
3.614551728780374291e-03
6.550646011810249206e-03
4.676617629980801133e-03
